muE    = 3.986004418e14;
muMoon = 4.9048695e12;
rE     = 6378137;
AU     = 149597870700;
updateInterval = 30;
updateTime = 0;